Webots Project File version R2021a
perspectives: 000000ff00000000fd00000003000000000000028900000298fc0100000002fb0000001a0044006f00630075006d0065006e0074006100740069006f006e0000000000ffffffff0000006900fffffffb0000001e00480074006d006c0052006f0062006f007400570069006e0064006f00770000000000000002890000006900ffffff00000001000001cc00000298fc0200000001fb0000001400540065007800740045006400690074006f00720100000015000002980000008700ffffff00000003000005560000006bfc0100000001fb0000001a0043006f006e0073006f006c00650041006c006c0041006c006c0100000000000005560000000000000000000003880000029800000001000000020000000100000008fc00000000
simulationViewPerspectives: 000000ff0000000100000002000000fa0000027a0100000002010000000100
sceneTreePerspectives: 000000ff000000010000000200000161000000fa0100000002010000000200
maximizedDockId: -1
centralWidgetVisible: 1
orthographicViewHeight: 1
textFiles: 0 "controllers/meuRobo/meuRobo.py"
renderingDevicePerspectives: rus:camera;0;1;0.228528;0.669421;75;544;256;128;0
