Webots Project File version R2021a
perspectives: 000000ff00000000fd0000000300000000000002c6000003d0fc0100000002fb0000001e00480074006d006c0052006f0062006f007400570069006e0064006f00770000000000000002c60000000000000000fb0000001a0044006f00630075006d0065006e0074006100740069006f006e02000000000000002c000002c60000029800000001000001ae000001e2fc0200000001fb0000001400540065007800740045006400690074006f00720100000015000001e20000008700ffffff0000000300000556000000b4fc0100000002fb0000001a0043006f006e0073006f006c00650041006c006c0041006c006c0100000000000005560000006900fffffffb0000001a0043006f006e0073006f006c00650041006c006c0041006c006c0100000000000005560000000000000000000003a6000001e200000001000000020000000100000008fc00000000
simulationViewPerspectives: 000000ff00000001000000020000015c000002670100000002010000000100
sceneTreePerspectives: 000000ff0000000100000002000000ab000000fa0100000002010000000200
maximizedDockId: -1
centralWidgetVisible: 1
orthographicViewHeight: 1
textFiles: 0 "controllers/meuRobo/meuRobo.py"
globalOptionalRendering: DistanceSensorRays
consoles: Console:All:All
renderingDevicePerspectives: rus:camera;0;0.660156;0;0.542253
